40 1033
      6 1034
      4 1035
      2 105
      4 106
     10 107
    180 110
      1 1102
      2 111
      1 1162
      1 1170
      1 1179
     28 119
    121 120
      2 1212
      1 1218
      4 124
      7 125
     15 127
      2 129
     11 142
      1 144
      1 1469
      7 149
   1034 1514
     10 154
      1 156
     60 165
     62 167
     12 168
      4 170
      1 171
    146 175
      4 177
      1 178
      2 184
      1 195
     17 202
      1 207
      2 208
     39 219
      2 220
      1 223
      2 229
     36 231
      3 233
      2 236
    279 243
      4 244
     16 245
     22 246
      3 247
      9 248
     56 249
      2 252
      4 254
      2 255
      2 257
      2 261
      6 264
      2 265
      2 266
      4 267
      2 268
      3 269
      6 282
      9 284
      2 288
      2 294
      3 298
     15 302
      2 305
      1 306
     12 307
      1 308
      2 309
      2 310
      1 312
     24 315
      1 317
     86 318
      1 320
      2 321
      4 322
     85 326
      7 328
      5 329
     10 330
   2773 331
     10 332
      6 333
      1 335
     88 338
   2749 340
    326 342
      3 344
      4 345
      4 346
      1 347
      6 350
     86 362
      1 372
      1 374
      2 383
     88 386
      1 389
     87 390
     87 392
     86 394
   2759 395
      1 396
     85 398
   2758 405
      1 412
      1 417
      2 418
     24 42
      1 428
      1 429
      1 432
      1 433
      1 446
     33 460
    164 475
     10 476
      2 478
      1 479
      1 482
    165 484
     10 485
     13 489
      3 497
      2 502
      1 506
      1 518
    158 527
     10 528
      1 535
    162 539
      1 54
     10 540
    155 541
     10 542
      1 544
      2 546
      1 548
      2 550
     17 551
      1 552
    161 555
     10 556
      1 568
      1 588
      2 590
      1 592
      2 593
      1 596
      2 598
  12190 60
      1 601
     32 602
      2 607
      1 608
      6 610
      2 611
      2 612
      5 613
      2 614
      2 615
     13 62
      2 621
      2 624
      5 628
    232 63
      2 630
      2 636
    887 64
      1 640
      4 65
   1046 66
     12 666
      1 678
      1 679
      8 68
      6 69
      1 690
      1 694
     22 698
      3 70
      2 704
      1 72
      1 730
     87 74
      1 746
      8 75
      1 752
      6 76
      1 760
      2 77
      4 79
     54 81
      8 816
      5 817
     52 82
     43 84
      4 85
     14 87
      5 88
      4 89
     13 90
    341 91
   1740 92
      1 926
      2 93
      2 94
      2 95
      1 952
      1 979
